========================================================================================================================================================================================================
 |                               REPORT OF COBOLP3 CLASS
========================================================================================================================================================================================================
 | STUDENT                | AVERAGE              | SYSTEME D INFORMATION  | PROGRAMMATION VBA      | SQL                    | SCHEMA RELATIONNEL     | RESEAUX INFORMATIQUES  | MODELISATION           |
 |                        |                      | COEF:      1,0         | COEF:      1,0         | COEF:      2,0         | COEF:      2,0         | COEF:      1,0         | COEF:      1,5         |
========================================================================================================================================================================================================
 | ASSIN  MARC            |          9,65        |         10,00          |          7,25          |          6,75          |         13,00          |         11,00          |          9,50          |
--------------------------------------------------------------------------------------------------------------------------------------------------------------------------------------------------------
 | BONOT  JEAN            |         12,18        |         11,50          |         13,00          |         16,00          |         10,00          |         12,00          |         10,00          |
--------------------------------------------------------------------------------------------------------------------------------------------------------------------------------------------------------
 | HOMALY ANNE            |         13,82        |         10,00          |         11,00          |         15,50          |         18,00          |         14,50          |         10,00          |
--------------------------------------------------------------------------------------------------------------------------------------------------------------------------------------------------------
 | INGALE MARTHE          |         10,71        |         15,00          |          9,00          |          8,75          |         14,00          |          6,50          |         10,00          |
--------------------------------------------------------------------------------------------------------------------------------------------------------------------------------------------------------
 | INNIC  MARTHE          |         10,71        |         15,00          |          9,00          |          8,75          |         14,00          |          6,50          |         10,00          |
--------------------------------------------------------------------------------------------------------------------------------------------------------------------------------------------------------
 | MANTORTGERARD          |         14,47        |         10,00          |         11,00          |         18,75          |         17,75          |         12,50          |         11,00          |
--------------------------------------------------------------------------------------------------------------------------------------------------------------------------------------------------------
 | OCHAN  PAUL            |          6,22        |          4,50          |          6,50          |          3,25          |          6,50          |          9,25          |          8,75          |
--------------------------------------------------------------------------------------------------------------------------------------------------------------------------------------------------------
 | NB STUDENTS : 7        |         11,11        |         10,86          |         09,54          |         11,11          |         13,32          |         10,32          |         09,89          |
========================================================================================================================================================================================================
